[GPS]
TIME=04:44:41   
DATE=2016/06/26   
SPEED=0.000km/h     
ALTITUDE=0.0m     
LATITUDE=30.58427 N   
LONGITUDE=104.00664 E   
