[GPS]
TIME=13:36:16   
DATE=2016/06/17   
SPEED=0.000km/h     
ALTITUDE=0.0m     
LATITUDE=0.00000 ,   
LONGITUDE=0.00000 ,   
